[
{"count_point": 1, "force_data": [3.7324218750000004, -1.6269531250000002, -2.6796875, -0.10718750000000002, -0.10335937500000002, -0.03828125], "rotation_matrix": [[0.9252974313262156, -0.12461587344427577, -0.3581836786717506], [-0.02550731285048396, 0.9218837020717506, -0.3866261978263128], [0.37838345705415716, 0.36688053088192596, 0.8498380054384136]]},
{"count_point": 2, "force_data": [0.57421875, -10.52734375, 0.19140625, 0.29859375000000005, -0.179921875, 0.08039062500000001], "rotation_matrix": [[0.9982673654917171, 0.006649989126776891, 0.0584640456933982], [-0.056047956041016714, 0.4099534841881077, 0.9103827587480197], [-0.017913503784861857, -0.9120821884274708, 0.4096159029328635]]},
{"count_point": 3, "force_data": [4.498046875, -7.943359375000001, -1.7226562500000002, 0.14164062500000002, -0.019140625, 0.026796875000000005], "rotation_matrix": [[0.78784227223501, 0.29064455269019335, -0.5429827787979042], [0.007287445443755168, 0.8771804308388623, 0.48010559764728045], [0.61583394451628, -0.38220444234056916, 0.6889617674709198]]},
{"count_point": 4, "force_data": [0.287109375, -10.14453125, -0.287109375, 0.264140625, -0.23351562500000003, 0.034453125], "rotation_matrix": [[0.8387614590737205, -0.5008257720317213, 0.21366506696545726], [0.061668199697942426, 0.47725784247748004, 0.8765968200602573], [-0.5409956080399708, -0.7220792877950251, 0.4311905080343153]]},
{"count_point": 5, "force_data": [0.095703125, -11.29296875, 2.87109375, 0.35984375, -0.16843750000000002, 0.11101562500000002], "rotation_matrix": [[0.9929780104587995, -0.07542105487877296, 0.09113909823043512], [-0.09016589739644672, 0.016216687167916348, 0.9957947228239317], [-0.07658186268286525, -0.9970199012749298, 0.0093024066644991]]},
{"count_point": 6, "force_data": [0.57421875, 1.53125, -2.392578125, -0.20289062500000005, -0.21054687500000002, -0.061250000000000006], "rotation_matrix": [[0.9875404739042019, 0.07995131208349346, 0.13554187580667468], [0.045936344929562736, 0.6773463750214483, -0.7342286704152973], [-0.15051134381028036, 0.7313068274954303, 0.6652342891365358]]}
]
